reload,reload1,-0.9710905,0,0.2387116,0,1,0,-0.2387116,0,-0.9710905,4.990178,0,3.351862,1,0,0,0,0,0,0,0,0,
camdetector,reload1,-1,0,1.224606E-16,0,1,0,-1.224606E-16,0,-1,4.990178,0,2.159198,1,0,0,0,0,0,0,0,0,
camera,reload1,0.9007465,2.775558E-17,-0.4343452,-0.1691307,0.921072,-0.3507437,0.4000633,0.3893923,0.8296524,3.218172,2.984959,0.4372577,1,0,0,0,0,0,0,0,0,
candles,candle01,1,0,0,0,1,0,0,0,1,3.670799,2.391204,3.520935,1,0,0,0,0,0,0,0,0,
candles,candle02,1,0,0,0,1,0,0,0,1,3.839735,2.368175,3.524575,1,0,0,0,0,0,0,0,0,
candles,candle03,1,0,0,0,1,0,0,0,1,5.292718,1.216228,-1.676407,1,0,0,0,0,0,0,0,0,
candles,candle04,1,0,0,0,1,0,0,0,1,5.239855,1.227557,-1.605765,1,0,0,0,0,0,0,0,0,
candles,candle05,1,0,0,0,1,0,0,0,1,5.190129,1.152161,-1.531478,1,0,0,0,0,0,0,0,0,
candles,candle06,1,0,0,0,1,0,0,0,1,-0.866177,2.391204,-3.746406,1,0,0,0,0,0,0,0,0,
candles,candle07,1,0,0,0,1,0,0,0,1,-1.035113,2.368175,-3.750046,1,0,0,0,0,0,0,0,0,
candles,candle08,1,0,0,0,1,0,0,0,1,-3.339829,2.391204,-3.746406,1,0,0,0,0,0,0,0,0,
candles,candle09,1,0,0,0,1,0,0,0,1,-3.508765,2.368175,-3.750046,1,0,0,0,0,0,0,0,0,
candles,candle010,1,0,0,0,1,0,0,0,1,-5.873207,1.096874,0.2543988,1,0,0,0,0,0,0,0,0,
candles_p,candle01,1,0,0,0,1,0,0,0,1,3.670799,2.391204,3.520935,1,0,0,0,0,0,0,0,0,
candles_p,candle02,1,0,0,0,1,0,0,0,1,3.839735,2.368175,3.524575,1,0,0,0,0,0,0,0,0,
candles_p,candle03,1,0,0,0,1,0,0,0,1,5.292718,1.216228,-1.676407,1,0,0,0,0,0,0,0,0,
candles_p,candle04,1,0,0,0,1,0,0,0,1,5.239855,1.227557,-1.605765,1,0,0,0,0,0,0,0,0,
candles_p,candle05,1,0,0,0,1,0,0,0,1,5.190129,1.152161,-1.531478,1,0,0,0,0,0,0,0,0,
candles_p,candle06,1,0,0,0,1,0,0,0,1,-0.866177,2.391204,-3.746406,1,0,0,0,0,0,0,0,0,
candles_p,candle07,1,0,0,0,1,0,0,0,1,-1.035113,2.368175,-3.750046,1,0,0,0,0,0,0,0,0,
candles_p,candle08,1,0,0,0,1,0,0,0,1,-3.339829,2.391204,-3.746406,1,0,0,0,0,0,0,0,0,
candles_p,candle09,1,0,0,0,1,0,0,0,1,-3.508765,2.368175,-3.750046,1,0,0,0,0,0,0,0,0,
candles_p,candle010,1,0,0,0,1,0,0,0,1,-5.873207,1.096874,0.2543988,1,0,0,0,0,0,0,0,0,
barmen,stay,1,0,0,0,1,0,0,0,1,0.9843885,0,-2.496023,1,0,0,0,0,0,0,0,0,
barmen,bar1,-1,0,1.224606E-16,0,1,0,-1.224606E-16,0,-1,2.953471,0,-3.400527,1,0,0,0,0,0,0,0,0,
barmen,bar2,1,0,0,0,1,0,0,0,1,-0.7716066,0,-2.512632,1,0,0,0,0,0,0,0,0,
fonar,fonar1,-0.9999812,0,-0.00612988,0,1,0,0.00612988,0,-0.9999812,-7.392271,-0.1843586,17.39396,1,0,0,0,0,0,0,0,0,
fonar,fonar2,0.2839931,0,-0.9588263,0,1,0,0.9588263,0,0.2839931,-18.23936,-0.4362286,2.737314,1,0,0,0,0,0,0,0,0,
fonar,fonar3,0.9738069,0,-0.2273768,0,1,0,0.2273768,0,0.9738069,-18.21785,-0.3960745,-9.932553,1,0,0,0,0,0,0,0,0,
